57 60
45 999
51 1057
43 105
14 542
11 321
19 1033
41 119
16 473
11 1421
36 1416
38 716
56 383
37 864
48 1160
31 723
27 1572
50 1109
2 713
2 1499
14 1333
6 807
22 1494
0 691
33 144
21 963
20 942
24 1395
0 89
41 111
41 447
57 434
2 1546
10 331
32 669
10 580
38 721
8 651
6 1246
22 149
21 17
18 1386
23 614
33 681
18 962
6 821
20 597
10 44
11 154
37 1108
39 77
36 912
2 940
12 127
28 914
36 1585
4 1345
9 271
51 579
41 460
21 693
56 811
3 1057
11 622
29 1109
13 1294
15 477
36 52
39 811
27 1035
36 477
0 1353
52 1135
19 51
32 454
33 749
46 1315
45 1499
51 1335
19 277
36 115
56 945
33 835
57 271
13 713
35 1513
14 1268
41 78
57 415
40 279
46 1103
2 1364
54 744
45 62
0 622
14 1548
52 622
2 1105
57 1241
43 289
39 391
21 942
30 703
44 889
23 1101
8 1160
55 494
14 652
37 756
37 728
16 112
33 20
35 581
36 726
56 974
45 813
20 319
4 837
27 1007
9 826
52 724
57 538
35 693
2 148
33 1443
7 774
37 766
4 1267
22 160
48 1385
41 87
33 586
36 325
35 1413
46 1365
7 1329
3 477
21 1433
44 724
35 279
28 444
45 664
40 951
27 473
11 1503
30 743
9 27
41 854
49 218
5 855
31 822
18 868
36 1495
31 1075
12 1513
40 660
51 1445
48 1313
11 1086
48 1155
23 1432
45 1557
36 123
45 527
10 1266
4 1125
43 941
39 1559
43 338
1 1352
33 180
57 1503
15 694
12 30
44 422
16 1070
6 1128
18 590
42 1057
9 514
28 84
5 822
5 666
41 693
52 13
52 481
33 568
45 1523
4 600
14 1365
44 685
10 1251
3 651
35 988
18 1098
48 1035
41 909
23 669
33 885
3 710
40 1035
4 1333
21 1541
52 497
2 1284
4 1574
44 269
12 779
41 1266
7 444
36 1519
25 1524
27 23
32 951
28 1446
9 1381
37 1446
55 1394
37 580
2 146
48 1430
39 1107
6 1341
19 112
27 177
6 11
20 936
49 499
41 651
26 279
20 575
5 941
21 1453
36 659
56 38
11 472
9 1401
24 1323
6 1148
21 1517
12 1475
18 1501
39 483
30 974
6 1395
2 811
36 1169
45 910
41 1069
56 651
47 1580
27 69
44 1081
19 1528
10 1468
16 1323
18 732
32 1487
16 764
12 790
4 494
27 842
49 1075
38 565
57 168
18 694
0 1450
6 1607
23 1081
43 709
8 522
51 206
10 1203
51 1511
5 35
9 288
36 455
36 1539
9 781
13 461
53 352
38 1167
4 1381
38 648
11 691
35 925
45 1160
33 811
43 352
21 812
51 380
35 122
41 845
1 809
4 1589
35 1222
9 1224
49 1617
32 747
36 936
10 1270
38 434
7 1586
36 1010
22 648
8 1159
18 704
27 233
28 1395
57 137
44 1456
32 1175
47 1026
57 578
37 160
36 622
57 1312
14 331
21 141
20 525
6 474
33 984
18 486
18 689
21 424
24 180
36 1143
33 359
51 455
38 1447
36 319
44 709
2 269
16 127
16 494
2 1581
35 427
37 1005
51 740
14 639
24 1160
21 516
8 910
41 1359
36 741
23 1044
51 1425
45 328
45 349
51 1407
48 908
46 488
43 470
45 607
18 968
52 324
54 1450
36 514
56 1266
17 1135
52 389
57 481
49 1127
36 27
34 362
27 693
7 154
30 1109
43 1507
43 1413
11 383
40 1371
35 1134
27 1118
2 624
33 2
28 597
2 1316
30 1453
52 741
32 1450
40 786
40 39
33 422
41 452
39 597
33 207
32 20
33 274
16 1294
50 1135
10 1239
35 287
4 774
0 552
33 127
3 709
8 1183
17 494
41 828
9 118
52 15
12 20
33 598
11 895
36 713
33 1621
21 1311
17 1270
18 677
17 1159
42 1569
35 1475
45 1305
6 763
38 1014
57 70
33 842
19 431
34 1376
37 217
26 256
12 626
6 1528
21 732
52 854
32 352
57 694
6 721
44 427
45 35
45 1359
36 693
1 66
1 950
33 272
16 689
49 1381
0 805
20 1311
51 586
8 1553
44 635
55 542
7 782
27 2
48 1465
41 1456
35 105
6 262
2 839
33 1010
7 319
41 857
14 716
23 1446
50 1231
30 1426
41 1179
40 1243
23 1251
36 19
6 284
6 532
43 798
34 1597
30 47
36 4
22 1270
33 812
32 648
14 17
35 737
11 1276
11 1422
44 963
23 1597
49 1445
21 2
49 124
41 609
28 362
40 1160
7 1562
35 652
36 724
36 1041
48 773
2 936
9 693
37 1062
6 1293
40 1074
45 622
49 233
38 1395
44 1394
45 619
0 470
6 1336
21 1222
36 1429
33 722
1 87
12 1243
38 20
11 1528
6 439
29 473
33 774
20 66
42 1316
6 666
15 241
45 367
2 1076
36 296
37 1126
1 435
46 362
52 1150
51 833
27 217
54 724
24 1391
31 1026
7 845
46 1070
18 499
12 719
57 774
39 1365
23 842
26 424
31 215
35 265
2 1323
23 968
21 112
6 285
2 422
9 87
34 1294
33 1346
17 1246
37 1425
29 1075
49 38
29 790
45 1589
14 378
51 462
36 1124
49 1569
1 180
36 430
39 380
37 158
1 1135
52 199
37 840
1 2
29 307
27 1060
30 760
36 798
9 891
57 1585
52 1354
3 501
51 1513
49 1088
28 1057
2 891
6 52
29 988
45 1452
35 827
32 1526
14 1517
46 1269
9 669
41 604
21 107
51 1494
30 1237
45 1296
32 26
16 413
48 1101
9 1166
40 710
33 1109
12 384
32 456
23 816
11 457
37 713
12 1559
33 1524
48 1026
21 1052
36 1321
56 1443
18 1164
45 1484
22 1236
33 1591
14 415
33 1581
20 368
17 325
0 1410
32 262
32 340
49 1087
18 897
30 1546
20 1041
15 707
30 1073
9 1209
20 1112
27 1150
18 594
41 802
45 268
10 1108
26 1092
33 472
33 1553
35 669
20 114
33 1078
30 304
47 362
42 681
30 892
3 639
19 269
34 1266
2 271
39 1125
1 50
44 839
11 1062
48 1141
30 1270
45 230
50 1295
49 1195
18 1559
40 1148
18 373
51 848
19 501
11 584
48 705
45 1143
17 1445
33 1021
23 785
11 890
5 1044
33 531
32 1316
17 1125
21 331
49 1076
8 1353
21 1128
33 1211
40 481
10 1444
32 600
22 480
51 689
45 594
20 1592
38 518
12 1268
35 963
40 531
57 390
11 1340
57 669
9 709
35 635
28 899
48 677
23 1007
41 522
19 461
3 1159
1 400
33 951
25 1597
10 194
48 1443
13 757
51 686
5 1081
11 863
45 1052
40 936
15 1041
32 109
4 419
50 127
39 1052
16 1075
27 577
20 1039
37 670
23 1425
35 460
17 1019
40 434
28 1290
9 972
25 241
21 1416
51 1312
28 1312
36 9
11 406
11 190
4 1395
41 831
19 1279
10 3
38 70
30 180
16 1472
54 206
26 635
38 644
33 151
45 737
11 846
42 753
43 609
36 1097
10 545
49 1112
1 1597
16 124
54 829
15 460
30 1517
1 477
2 470
41 68
30 148
19 1541
32 474
4 307
1 956
30 88
2 1222
1 494
35 1506
56 1513
4 207
56 460
9 1585
44 1446
7 307
1 1062
57 259
39 1183
20 1385
32 1158
23 422
48 123
37 604
0 296
36 964
38 1098
13 2
41 404
11 719
41 147
34 1026
11 202
4 1261
44 1232
22 19
46 1048
2 988
36 807
8 1569
27 1232
11 332
2 1311
21 1365
20 105
16 1248
23 107
51 962
21 1309
14 1391
57 1468
37 1056
37 1367
33 769
51 753
57 689
28 1235
2 594
56 1052
2 871
36 1526
45 1026
0 812
14 429
5 1445
35 813
53 508
57 1232
14 382
36 624
4 728
32 1323
36 291
27 1450
9 912
11 1052
27 1432
37 1342
35 473
32 563
37 500
0 879
30 959
36 10
51 1260
37 307
18 2
14 1359
0 1076
55 577
33 1367
34 378
37 493
6 67
33 426
39 116
33 1308
27 1264
43 681
19 1113
45 147
32 798
40 693
29 1243
41 397
23 1092
51 1281
6 101
40 574
32 1493
41 97
45 373
13 1511
37 203
25 1092
29 509
57 974
36 1289
33 1333
57 242
36 776
41 444
4 974
9 651
9 639
11 1426
50 123
12 516
35 241
47 146
1 1414
10 1312
40 1406
37 1368
16 1548
32 708
41 470
44 1443
15 122
36 732
21 753
43 351
40 1487
40 210
36 707
57 819
57 456
6 1521
42 1248
9 200
36 619
45 891
27 436
57 1125
36 429
56 1109
6 1306
7 705
21 846
25 1513
41 848
32 846
39 86
36 524
28 473
51 1501
10 141
37 1266
44 556
41 70
1 307
18 227
10 1139
43 1446
36 143
37 592
39 241
54 837
43 660
21 1546
18 585
25 811
23 473
16 525
33 660
36 81
16 123
13 42
45 435
11 370
45 713
0 361
1 887
29 86
21 974
4 908
0 122
51 357
14 461
27 1275
42 771
34 728
11 263
32 393
45 129
52 1275
30 1346
32 1503
53 1064
19 413
33 907
2 852
4 567
27 798
32 332
36 490
2 1279
36 744
45 501
41 719
50 651
52 1365
35 809
36 1469
23 111
11 255
11 1355
6 1450
18 781
46 833
10 854
10 472
44 218
51 822
28 31
10 325
48 771
36 1091
44 1001
22 89
44 1006
48 1327
49 1592
53 811
57 77
32 667
29 1381
11 1138
37 1332
47 325
38 617
21 597
49 649
55 896
28 1480
56 896
49 149
53 1127
40 726
57 1483
32 616
57 461
17 127
11 1598
0 1359
21 1098
40 1462
12 477
45 494
38 1442
27 1535
0 813
27 1418
41 39
36 847
32 208
40 1292
40 294
33 1180
43 1150
42 296
29 294
44 542
14 743
27 461
36 1063
28 1394
10 237
21 925
7 481
34 1275
36 976
28 1324
28 316
36 345
44 35
22 257
17 652
38 702
14 2
28 20
7 1199
52 1316
32 1092
52 1548
56 1279
12 1
0 504
37 362
44 703
55 257
10 274
23 550
27 1050
35 1116
29 1125
51 1597
37 1155
51 910
37 1148
51 552
45 260
35 66
15 1112
12 1469
36 1027
23 1087
2 555
21 60
36 1102
16 233
4 151
24 55
51 1294
36 1337
5 1188
49 1367
17 1044
33 28
45 1368
8 1026
13 516
48 737
32 472
48 279
49 364
10 737
35 112
51 1109
30 89
1 927
21 1443
33 390
57 500
37 372
39 530
1 383
32 257
18 985
20 1528
0 884
20 118
22 1467
34 713
40 953
1 1160
40 332
51 743
44 910
3 362
11 1484
5 1201
34 910
41 676
4 538
30 1261
11 670
11 1270
36 193
8 1076
57 321
12 66
51 590
57 666
28 544
16 1524
36 1075
30 1482
48 1468
19 1387
21 439
27 621
57 789
6 1191
51 461
24 1092
25 793
38 85
36 1042
13 1002
32 1187
40 804
32 289
37 89
36 685
30 282
37 1533
30 807
49 87
56 346
13 1269
1 480
2 907
32 1035
3 1557
37 1585
36 840
4 1073
43 1140
1 1148
38 666
38 1048
51 158
18 1475
12 1150
32 151
51 1048
40 905
48 1365
9 1414
28 242
32 476
37 352
25 669
27 1041
51 55
43 736
30 1
57 1394
1 1113
28 1308
21 1386
38 1587
15 373
12 214
45 413
35 614
54 552
18 282
57 1064
9 889
23 910
48 19
36 452
35 1081
30 1294
10 1550
18 287
33 1444
6 758
21 444
51 577
0 154
40 1232
19 1365
38 545
9 170
12 180
33 562
12 1241
16 1453
24 402
4 1423
10 60
44 111
37 776
28 768
36 355
36 1384
48 1323
52 1109
5 259
41 323
48 808
2 123
19 121
11 73
36 817
10 216
38 611
52 704
1 1394
9 334
1 1249
9 239
43 431
9 82
43 536
19 760
57 613
2 1425
22 1387
19 597
35 1391
57 680
45 922
11 348
18 1227
21 362
45 473
45 332
9 1148
9 950
45 1292
12 541
38 461
7 431
27 792
17 988
4 539
21 1581
20 859
4 1092
50 864
57 1330
38 578
40 1346
52 1147
2 294
36 1613
16 378
21 709
57 718
32 802
36 460
20 1376
10 461
37 1208
37 644
5 753
56 1248
45 809
26 1353
10 154
37 447
33 1024
5 964
21 576
24 652
16 827
54 822
21 1260
45 1105
30 598
49 450
18 1416
6 1622
47 1353
6 1097
41 945
57 369
28 470
4 1296
45 1505
0 1270
36 91
11 1123
9 393
42 1470
16 357
18 1417
17 362
56 790
37 456
2 1407
28 265
33 1289
2 974
10 790
4 1513
23 146
36 1006
29 1248
21 741
32 638
24 1127
40 307
44 1035
35 1453
55 497
48 450
21 1440
11 350
36 558
20 1569
54 770
10 77
36 884
5 357
24 1570
42 1021
23 1222
19 743
13 731
9 1315
40 1231
50 1538
45 601
28 1260
32 13
25 727
37 960
4 12
0 690
36 1296
40 790
48 1295
21 380
10 209
11 254
30 523
19 651
27 256
5 122
54 319
13 174
21 1063
39 1450
7 1431
22 400
11 1234
36 13
2 1485
41 1024
55 1295
48 1567
29 413
6 1433
10 758
41 242
14 640
22 1468
51 87
31 86
56 1073
29 1092
12 1269
38 874
33 1450
0 447
5 241
40 429
10 211
20 1475
37 1073
30 1177
49 1270
42 1418
6 1419
34 307
33 917
37 1503
43 1402
52 120
38 685
38 298
1 1517
42 501
19 941
10 622
41 1301
41 217
6 1078
45 1623
46 233
17 1160
23 1311
40 27
35 818
27 1589
30 450
40 1562
45 609
30 1394
2 564
30 415
45 1563
1 727
45 888
20 404
32 1310
22 1081
32 1359
43 299
10 12
43 483
32 807
9 1302
44 384
18 110
29 494
16 614
10 553
32 1511
16 651
57 1548
1 1376
38 479
45 1060
7 1426
38 1001
11 67
32 521
21 1432
54 241
36 1597
32 703
3 1450
28 710
0 1533
7 1499
57 1518
45 368
53 1468
14 1421
37 1365
15 660
57 294
29 945
10 1381
32 1602
49 1302
24 146
25 470
51 1162
23 635
38 726
20 1003
40 137
17 2
32 180
48 58
11 710
33 265
23 851
45 616
11 341
33 1232
11 1428
16 1437
12 1109
4 960
9 1320
45 950
51 1038
14 969
11 387
22 1159
17 838
38 218
0 685
21 120
2 1513
36 102
11 946
28 239
36 1292
33 755
20 822
44 1512
27 1407
29 693
2 435
33 974
7 1316
54 477
20 18
30 419
19 1266
36 136
57 1053
30 460
10 168
52 1153
9 218
11 758
35 95
49 180
23 1156
35 1041
55 265
11 161
48 470
30 289
40 1450
48 751
51 1222
17 1513
57 1076
2 1333
10 1503
4 1021
21 1072
25 713
51 966
38 890
32 147
2 38
10 1624
45 558
36 1360
5 953
4 254
51 776
22 1604
18 470
33 97
41 1052
37 743
3 1445
39 157
33 817
44 667
9 640
48 666
2 1044
29 974
45 287
44 137
16 289
36 598
2 460
2 614
41 621
41 1278
1 577
45 291
33 671
1 1231
11 319
41 981
37 180
57 1264
32 217
4 1353
5 142
52 147
11 1319
11 867
49 764
11 844
20 970
49 494
48 960
10 988
51 1081
28 1062
11 1082
17 1429
33 1038
5 473
46 925
51 1073
32 480
37 77
35 1206
23 1041
41 206
37 598
15 1270
16 1296
57 37
48 473
26 690
23 1021
16 400
37 914
2 719
21 542
33 736
45 89
12 149
15 988
0 1570
53 1195
36 764
23 579
16 477
44 1553
40 852
45 614
23 516
40 1546
1 1001
36 105
28 726
2 1297
33 555
27 1199
28 70
5 203
45 1104
18 488
2 257
56 1407
45 1241
21 1231
16 709
14 1188
32 1189
45 517
16 50
21 718
17 581
7 559
57 177
20 855
1 1367
10 304
45 146
11 1317
21 312
15 362
18 1574
52 1019
12 307
0 382
51 1021
33 1052
1 700
17 146
6 241
10 1028
36 1480
51 1044
41 1381
37 1060
40 1503
45 360
51 82
39 1409
28 256
33 711
9 293
43 964
32 749
57 1101
39 1092
30 1249
38 492
30 1048
6 538
40 431
32 1275
39 296
11 1153
29 724
54 1597
10 235
1 855
42 855
12 1248
20 2
4 826
18 782
51 1026
11 986
22 659
7 1367
9 715
3 950
6 1045
10 922
33 912
2 1208
43 652
19 499
49 258
34 1112
0 609
14 319
0 1365
40 976
35 681
34 460
42 256
14 435
37 1026
30 927
41 384
20 70
21 1092
1 1275
15 552
14 1243
21 514
1 941
34 338
9 1025
18 66
18 956
16 737
35 567
32 1251
3 486
57 1108
51 508
45 119
11 1369
11 939
51 713
1 811
30 174
18 1048
2 477
2 669
19 1443
6 750
48 1180
36 5
27 275
22 112
40 1051
14 481
35 1219
10 518
38 563
40 1107
36 1160
37 771
38 1391
50 1270
45 162
37 86
19 896
33 366
40 1261
23 1135
33 1503
49 964
1 934
57 1346
25 1569
21 703
1 360
6 670
51 89
51 384
25 300
41 114
35 713
51 1170
20 1053
51 649
16 1592
51 976
6 218
37 522
41 993
18 805
22 1160
0 1053
37 1505
1 299
37 149
3 1597
33 1321
6 936
57 427
24 115
2 507
38 480
27 1214
18 1023
4 20
37 805
15 818
53 444
33 971
10 1118
41 1039
29 964
23 1450
51 1040
2 1206
22 1456
43 1105
34 501
19 1
33 1479
33 147
53 382
1 1381
34 1528
16 659
6 224
21 1439
6 1024
48 1123
42 648
43 137
33 678
45 843
14 240
49 1264
57 704
23 256
57 315
44 1003
42 481
36 1334
31 357
52 1450
35 1077
11 144
2 56
18 1365
49 681
36 470
30 194
50 1160
42 1076
57 436
10 1538
33 456
50 950
11 779
1 854
44 288
22 1410
6 429
37 1381
55 604
35 760
57 1040
36 1020
12 362
56 241
14 113
2 1248
49 437
6 984
44 291
20 1468
43 707
10 494
18 420
47 609
4 1159
32 1546
4 352
18 534
36 1356
52 1435
28 987
38 965
33 535
27 1077
10 1236
33 910
9 1606
49 1148
42 1030
18 404
4 487
45 1199
17 813
1 488
16 1305
19 1591
45 137
33 798
37 1261
2 481
35 1517
49 753
39 1443
36 1189
11 1502
35 542
10 852
18 695
33 826
16 228
53 257
51 1130
51 594
36 206
44 1395
49 1035
53 914
40 117
37 444
22 822
22 487
30 910
57 460
18 487
43 501
6 1084
7 380
37 988
18 1192
44 534
11 1622
39 1407
6 713
2 648
48 822
18 283
54 746
51 460
34 626
36 1127
6 888
4 321
11 785
27 1541
54 1295
51 724
0 1468
11 535
23 262
36 629
35 1528
52 793
54 1439
50 1557
25 461
39 404
14 813
37 123
52 963
30 1365
27 650
43 1266
29 963
36 844
12 704
2 854
28 1295
30 51
44 271
45 189
25 1418
21 1348
0 1407
27 143
40 19
43 1316
32 193
24 1517
0 1048
21 154
49 410
28 577
14 1453
4 102
12 746
13 494
37 936
42 147
23 1523
18 1513
18 979
24 312
45 673
31 1513
20 421
13 1096
45 1357
9 307
45 760
33 1456
15 1353
44 180
36 907
51 1
40 1511
34 567
10 631
2 1418
36 575
21 1135
22 473
36 456
17 218
34 793
30 360
24 142
52 1381
4 822
11 982
30 1443
57 1199
56 1162
41 1225
48 1305
54 501
52 1465
16 854
4 1148
35 4
41 1064
47 813
38 566
14 238
23 1003
7 652
27 669
11 865
20 318
28 480
37 594
0 265
49 427
37 1538
48 105
52 1569
4 639
24 1112
10 825
20 1381
33 705
26 86
2 966
3 294
40 1579
32 31
32 124
17 296
22 1271
7 146
32 259
55 495
56 776
4 1135
1 1513
54 567
28 604
44 962
40 1199
45 1450
16 677
40 239
45 1380
36 1453
36 109
32 487
18 1166
45 522
45 974
35 1109
2 361
56 1003
9 705
32 1415
23 521
25 497
15 1416
57 1597
2 540
57 114
5 423
50 552
57 1237
37 813
39 1433
49 271
30 507
36 154
30 294
39 421
2 744
14 811
11 214
36 1475
32 316
42 1443
45 427
11 1387
30 576
30 1063
5 659
45 705
3 38
52 1369
51 914
28 713
41 129
2 968
52 1395
37 950
1 497
47 694
44 239
11 703
35 485
18 675
40 1517
23 332
2 1517
41 480
33 533
51 337
37 4
40 942
37 1430
21 321
0 18
30 713
18 514
36 487
14 868
16 362
50 1333
32 431
2 1569
32 1195
51 1181
6 577
27 1548
7 1365
36 483
5 974
51 892
38 936
12 1501
36 1168
21 1323
33 1494
4 1450
51 1224
32 1418
35 1039
57 254
39 1000
6 851
11 666
20 790
32 971
55 209
11 606
28 1127
57 1538
23 405
38 591
11 809
16 608
16 256
47 713
57 987
27 1039
36 845
28 397
21 619
9 409
40 362
42 757
16 1219
11 716
57 1115
37 146
37 769
0 1213
46 1003
16 87
44 945
11 669
27 774
39 941
42 146
7 1135
45 242
9 833
34 279
37 826
30 1002
23 727
53 422
9 854
41 864
15 1305
9 1222
51 487
7 822
20 560
37 1260
43 466
36 152
41 1522
28 1456
52 597
33 1051
11 431
19 1409
37 538
9 886
36 74
43 1125
21 1304
31 1017
9 859
52 1229
13 149
10 270
45 118
19 1081
51 279
12 1052
36 1535
56 732
41 811
33 849
1 666
18 961
40 494
4 1462
27 1381
51 120
6 854
6 1194
2 1092
45 96
35 120
11 358
2 141
37 1346
11 1220
40 709
23 1364
57 906
45 1597
37 1537
10 1539
40 813
57 331
52 1389
27 60
7 843
49 362
37 1031
10 1365
34 709
33 1468
56 1297
2 29
43 13
51 35
5 608
51 38
33 60
37 504
21 54
21 651
1 287
4 135
5 541
18 316
36 590
49 1389
20 929
33 1122
45 1501
45 1273
45 615
18 761
25 1127
17 835
0 1269
21 114
49 317
14 703
51 1418
32 899
37 517
36 180
36 1104
39 138
9 1019
29 1517
9 1615
10 1063
10 714
11 1168
10 1433
4 1557
34 1546
36 848
7 1387
49 338
53 1484
11 109
10 727
33 1292
11 352
4 319
14 1054
40 1052
30 470
36 1456
49 839
47 427
10 1143
40 1595
11 1149
40 671
6 317
19 83
19 1160
33 50
43 247
0 54
41 992
0 444
10 180
10 1193
12 703
8 1528
50 501
25 400
45 164
53 1131
52 1076
40 1505
45 1287
28 757
29 124
1 822
34 813
4 969
16 976
12 427
20 196
44 497
18 1367
35 686
41 1196
7 501
25 439
16 319
37 822
6 1331
11 1076
21 694
49 924
46 413
26 137
36 32
32 1499
37 409
35 927
45 356
10 1237
15 1109
8 1092
16 227
2 737
5 1285
56 296
7 776
36 1494
33 670
28 1555
21 180
55 502
35 1345
2 111
39 1570
43 372
31 300
28 1333
53 262
36 1531
6 372
1 227
28 1493
11 604
49 473
2 1264
23 1513
11 548
44 1604
29 375
30 1386
51 1159
0 372
22 811
44 936
18 1163
18 707
53 1432
21 609
56 127
18 1225
22 1333
21 1035
5 1597
33 1329
44 659
32 724
14 1007
11 453
47 1309
32 834
52 1544
0 1294
57 950
29 771
10 1609
52 470
24 105
12 727
47 20
33 1528
6 190
38 1329
44 689
35 1159
27 840
1 291
38 810
37 256
57 1021
57 1440
45 751
0 1135
8 1021
48 194
41 433
39 1313
47 1041
25 818
14 304
40 55
36 391
38 996
35 470
16 1003
32 1549
51 1406
41 1033
14 307
51 845
45 1114
8 307
18 1418
6 270
10 1097
3 1270
6 574
32 195
32 626
35 1333
45 1285
41 1435
18 822
44 1039
2 1445
44 728
37 393
50 813
2 970
45 778
32 797
51 924
22 470
39 455
2 1046
0 1381
52 69
32 1075
55 1109
7 316
36 38
39 1123
52 360
54 218
7 1026
14 154
36 1353
6 1203
11 257
44 960
2 473
5 818
38 497
22 813
2 776
2 1031
39 1143
11 1075
37 703
45 822
37 1238
57 1211
51 409
33 345
51 180
41 57
44 759
36 542
6 1449
41 1588
35 1236
35 1346
23 158
10 1533
11 26
20 851
45 936
14 499
9 1383
57 470
10 307
37 1003
48 402
45 1003
21 1510
57 466
43 1505
36 2
4 180
45 98
6 640
21 713
37 559
11 407
40 880
1 460
11 665
24 960
11 621
38 141
35 229
36 1284
6 1560
48 976
33 1453
38 1312
33 1580
52 99
36 149
35 1246
21 1435
53 1075
2 277
1 470
11 484
54 1524
18 427
51 1005
10 33
37 1092
11 84
56 1092
46 1416
28 1406
32 754
11 1519
1 325
51 652
16 822
35 1623
6 1481
9 1529
13 38
1 105
51 1394
32 294
43 287
16 818
39 988
45 499
43 400
36 414
51 239
21 58
18 1445
33 331
1 1120
16 516
44 299
4 1054
11 231
57 960
12 1076
2 221
13 771
37 38
49 1266
10 617
11 639
30 652
20 840
48 361
1 55
16 1280
21 427
51 413
40 1394
2 1567
20 35
49 510
10 693
9 445
45 709
24 577
33 1242
35 552
7 1345
33 1526
11 1246
48 636
6 193
38 10
0 312
0 1057
21 594
36 1365
29 709
27 1314
27 1260
48 1267
1 1064
32 549
21 300
2 1021
49 848
31 91
23 730
27 811
18 1346
17 974
42 542
16 925
40 409
11 269
16 1382
45 1022
30 710
14 289
52 964
16 1041
51 1535
11 388
11 858
23 1109
35 1501
43 1007
37 693
9 439
7 1418
33 1206
45 105
51 682
37 671
24 966
52 419
32 1254
31 473
37 154
14 99
3 813
20 1279
10 1500
2 1365
11 265
48 1446
40 101
19 338
45 599
30 1367
49 1475
57 154
23 147
36 669
9 769
37 974
57 265
57 1324
18 79
9 824
10 1314
57 116
46 1052
36 1541
45 865
51 886
14 963
49 1486
7 819
43 1041
33 542
44 1126
33 154
6 1418
32 1267
45 1127
10 81
24 666
10 600
19 19
38 265
14 1538
51 1376
29 1376
21 194
10 846
1 1416
23 604
12 289
56 1125
45 1546
3 690
21 1201
10 627
48 1445
19 1039
43 1161
16 325
56 1570
21 1112
45 1093
45 1112
37 477
24 1101
33 1076
29 265
28 732
4 985
22 1342
1 1241
49 710
56 1494
56 1026
33 294
36 1057
36 1045
30 1180
5 1048
53 1410
35 1456
39 494
45 197
0 151
2 319
32 1063
44 1064
14 1528
1 142
32 942
5 1280
16 1268
37 709
36 1026
49 1345
33 1270
33 978
55 1367
0 704
49 1125
40 1315
0 1595
40 1318
14 1308
51 854
16 963
7 508
4 120
53 476
21 1241
10 532
27 600
31 593
37 730
13 400
21 1468
45 568
40 466
27 854
6 1062
40 1329
6 1416
41 726
11 615
0 652
45 156
8 494
9 1040
6 920
21 970
2 1453
13 124
34 690
51 1160
10 1423
44 1493
31 241
12 8
57 1119
32 1597
24 516
44 1075
4 1213
37 896
30 1295
36 677
21 1239
35 1135
51 840
10 694
36 239
0 373
32 463
8 279
16 724
47 543
14 741
57 728
21 429
45 1520
7 1487
34 473
38 439
9 1091
8 950
44 460
23 239
30 1035
44 669
45 977
50 776
1 1494
35 742
11 1572
51 414
4 976
21 203
55 852
0 239
26 1581
43 1311
47 889
30 1416
25 494
45 1406
51 342
56 384
10 1287
16 541
44 256
36 378
11 1217
51 1505
15 709
57 968
11 694
21 773
7 1456
12 757
36 179
32 1295
16 696
51 435
40 472
25 1003
28 382
28 402
41 1342
33 1119
36 260
41 732
40 166
28 579
33 1295
25 294
30 476
16 330
2 455
50 693
10 1011
10 744
33 1031
36 280
56 400
11 661
29 1548
51 567
28 1597
36 1074
10 1475
11 1367
45 1324
8 643
16 383
2 241
37 289
46 707
44 639
6 168
32 879
46 927
57 1413
50 1003
9 695
51 66
21 1264
43 385
55 1290
50 1456
56 1243
57 779
46 149
41 1580
11 1272
12 684
30 960
6 793
42 577
20 427
34 1589
36 877
18 1569
0 1063
6 139
12 669
30 112
9 955
45 66
32 1603
45 1032
37 1006
9 966
6 89
51 346
4 714
56 660
52 1591
57 693
12 1129
0 790
19 1467
11 273
32 1214
51 540
32 430
30 465
56 724
38 788
23 1395
9 953
17 753
30 1541
45 65
5 845
51 198
1 111
14 1109
29 1266
7 600
37 1345
23 391
11 389
0 538
6 952
6 578
46 1019
11 793
37 1470
38 269
41 1558
44 1387
14 408
9 727
9 880
6 1173
1 1514
0 1499
24 444
51 1365
30 307
56 450
1 288
17 1446
21 1548
33 289
9 1262
40 758
23 1314
14 454
12 473
9 1172
40 713
21 137
51 1211
45 386
32 726
46 1297
41 1128
36 549
7 1462
57 1267
5 325
12 1323
44 342
53 974
6 994
9 938
23 1367
25 1266
15 1057
5 373
7 439
10 178
23 1570
52 494
21 1268
13 288
41 1534
33 1492
37 105
5 1372
10 372
22 925
37 714
16 1501
57 257
11 1307
56 1446
39 960
11 199
1 1456
0 427
56 424
43 1597
6 1055
14 643
21 1324
36 1383
41 644
21 950
11 78
33 988
46 1159
11 1450
22 1044
43 779
23 1621
51 265
15 1591
39 147
49 1170
9 1486
57 755
9 806
40 793
57 685
46 204
57 106
18 880
22 1513
0 434
19 1135
28 1135
10 1286
33 1248
22 968
51 422
39 1002
43 124
36 166
30 1391
18 288
50 1294
20 713
44 4
21 361
10 871
22 203
37 434
47 501
37 1222
36 1477
35 1372
45 192
33 473
32 1537
11 114
21 1038
36 805
41 928
48 1044
9 737
21 589
6 1287
9 179
11 60
36 1468
25 319
37 1225
20 38
35 1468
16 1353
37 1038
11 1243
6 478
6 1353
0 460
19 970
41 1351
36 114
44 1030
2 1538
33 307
37 355
9 1241
37 648
49 1184
6 92
37 1294
36 1121
43 839
56 233
7 1062
2 1040
45 30
33 87
32 960
1 757
52 114
2 647
32 594
41 592
38 148
0 180
30 1248
37 877
56 429
20 422
41 1118
10 101
33 373
0 1180
51 444
0 294
22 597
41 306
5 679
51 704
39 567
7 1052
12 947
21 475
23 771
16 279
18 1570
51 1485
51 945
18 95
45 138
57 1175
41 450
42 963
43 1135
45 711
43 974
21 1076
35 257
43 277
28 950
51 1261
4 1268
10 1070
21 332
21 240
21 1366
21 283
37 689
34 400
0 112
49 822
53 218
36 1584
27 635
19 1201
40 1316
20 1295
45 1361
26 1003
50 289
10 383
35 1022
1 4
27 1494
15 1248
39 677
22 1248
9 1103
21 985
48 143
41 289
2 724
20 737
7 1443
43 725
33 1364
18 485
49 779
33 505
52 988
37 306
16 1243
36 200
41 792
46 556
28 1225
33 483
0 1237
25 1026
0 567
2 924
10 1134
10 92
2 606
40 439
14 1445
1 1127
9 459
40 1245
40 904
11 501
38 1574
44 1295
45 375
32 640
16 838
20 598
20 666
45 460
57 31
21 501
54 40
9 851
2 1471
21 121
36 1578
21 776
37 1329
9 400
18 1516
36 1282
11 1321
29 477
36 779
4 709
21 1019
57 1013
4 1060
16 1591
42 764
51 747
21 1345
2 1345
30 1232
20 1591
4 1180
10 1081
27 1076
50 710
18 279
6 1162
12 1201
51 368
21 233
39 974
44 833
45 1222
52 1246
10 164
25 1053
11 320
16 1418
40 147
24 127
23 504
49 1039
0 1328
6 1159
14 466
21 450
14 383
1 1544
54 1424
18 932
34 1295
57 660
13 1192
24 1541
45 810
49 380
47 151
6 1342
9 764
40 79
51 631
28 691
22 1103
47 709
38 705
46 35
48 372
10 457
30 306
28 652
35 1591
23 1121
10 1264
38 995
28 127
46 1604
28 178
52 262
37 1057
31 1246
15 649
24 1510
43 662
30 1260
10 635
21 435
30 1038
32 271
45 660
23 1231
33 417
48 312
37 1468
24 533
35 659
12 1296
16 1026
30 1418
38 664
49 974
28 1159
2 1162
10 1260
40 1092
22 1064
14 451
6 813
45 1363
14 1270
40 598
38 750
6 479
44 1057
38 1493
30 1034
20 612
49 724
6 457
2 1232
9 887
27 447
2 233
33 854
10 45
9 838
29 259
11 1203
4 1526
21 1281
55 1512
51 1143
45 344
44 1381
21 1002
6 799
37 297
27 377
9 820
21 751
4 454
33 257
41 1036
28 137
21 517
40 184
35 1026
42 1416
45 19
36 403
12 257
17 419
4 706
13 1292
51 1615
18 1438
36 727
30 685
21 1294
18 1597
3 1513
40 667
51 1589
37 774
16 88
25 112
43 97
36 213
51 813
32 1217
13 1092
18 1030
40 567
40 886
49 299
21 669
28 639
43 1381
45 380
33 649
20 142
13 379
0 1513
19 706
12 1528
48 1514
57 27
41 710
57 681
36 137
14 218
18 1222
35 1406
19 677
40 826
25 910
38 1052
32 1523
53 1407
57 1416
36 766
40 383
38 1257
30 1222
37 431
37 1243
7 1246
21 124
32 1541
16 966
37 533
57 1329
51 1266
45 194
41 743
51 137
33 579
32 944
52 1044
57 1260
5 1513
45 567
41 1031
9 1484
37 133
45 1476
29 813
39 751
46 649
10 316
37 460
25 1039
54 1053
21 461
10 597
41 1367
52 439
10 1123
11 1200
46 689
10 728
32 254
42 1395
30 1296
55 889
33 1572
37 607
40 1155
23 743
55 1365
41 597
17 1275
16 435
32 144
32 1406
36 1222
39 884
16 1159
24 1075
38 713
35 228
23 717
35 1003
4 460
33 1469
57 1045
21 779
56 1222
13 122
24 1346
37 1089
37 726
1 1571
1 713
43 1345
49 383
23 1538
6 1320
30 1592
32 1550
29 423
36 733
32 1148
44 480
11 1545
14 840
21 472
43 118
6 185
4 1101
36 1562
30 774
57 852
24 1003
35 1480
33 516
14 651
35 950
39 730
50 1541
57 1526
2 1135
45 1494
40 1214
51 1475
8 516
41 735
5 299
56 743
40 1126
27 1248
41 1485
9 1021
9 1253
7 1372
53 1311
40 427
51 960
21 422
18 509
33 408
33 282
52 146
36 1099
33 1148
41 1277
44 477
29 206
4 1546
33 1243
30 1113
10 1025
38 1470
38 1461
5 534
33 727
23 154
2 823
39 1406
48 823
21 294
45 1269
6 339
32 1585
36 491
11 1302
52 1148
40 312
17 1092
16 1480
2 131
21 1473
36 755
24 1243
10 1518
45 1356
2 456
35 1269
51 640
13 470
41 1105
57 844
45 27
44 1406
40 1570
27 319
18 14
22 2
33 594
21 1456
35 1394
4 877
33 115
11 179
41 973
56 851
4 798
38 41
30 968
11 1508
21 533
10 1545
7 726
9 244
43 26
37 473
41 145
12 461
14 1589
11 140
20 289
45 811
57 639
32 1222
15 296
3 1112
36 79
9 1391
36 720
56 598
36 339
44 1514
57 160
36 1032
42 1519
57 1285
6 508
38 1389
21 1499
55 1501
50 910
57 446
34 753
41 547
32 490
13 1064
52 1062
7 1312
43 131
18 1488
10 466
18 1171
29 485
41 464
8 450
40 1312
37 429
57 497
28 1494
12 1472
35 696
44 955
38 1554
28 1035
18 851
45 1561
10 430
41 770
6 357
33 538
1 1019
35 35
37 403
37 319
33 694
2 743
30 896
21 1143
21 1157
49 1597
20 1433
28 1162
11 1395
2 673
24 608
38 78
30 466
16 460
33 239
41 740
43 362
47 289
7 1623
9 1505
32 212
57 1477
35 771
49 1245
32 27
35 1076
40 635
0 1391
34 1450
11 1250
21 889
27 1075
48 296
19 1353
6 802
51 1433
36 1122
11 795
46 1243
9 1512
39 459
51 857
36 826
37 1450
11 764
28 1470
26 1450
21 639
40 487
32 470
49 429
6 136
36 1208
52 1367
30 105
44 405
47 461
41 27
57 1311
11 1325
21 774
14 1526
21 383
20 703
41 445
2 1541
19 630
11 1492
49 1416
30 813
10 764
22 1519
38 901
54 1039
6 892
50 1450
29 950
11 43
57 577
36 1346
0 1432
27 483
35 1048
9 48
21 1450
30 1406
11 1517
4 1503
37 294
48 910
45 534
43 651
48 460
56 1569
9 841
3 1555
36 1037
39 319
11 1067
27 435
9 597
37 1393
33 326
51 267
48 1346
49 310
54 1092
34 1367
43 1541
42 1092
28 160
17 400
37 674
52 1078
32 1119
41 1505
40 1365
2 822
44 294
10 1098
10 439
11 470
38 1432
41 1418
44 1438
16 4
24 1312
4 811
50 960
51 809
48 404
51 648
18 966
11 1322
50 1528
2 376
7 315
52 450
31 1353
33 823
1 681
10 184
35 319
37 472
14 361
36 173
40 1033
16 373
51 111
15 1219
46 120
2 1143
33 1135
16 294
32 622
2 1511
24 597
7 218
5 880
23 271
36 208
36 681
11 193
15 626
45 1135
22 1329
34 1076
43 89
28 1033
36 493
9 491
23 705
10 658
11 638
33 758
45 907
48 590
6 894
49 793
27 616
14 1251
43 390
55 666
12 352
56 1581
9 1352
3 383
33 1384
28 1387
12 693
23 186
21 373
26 473
32 1229
9 1219
14 241
21 707
57 1368
57 1062
48 626
53 180
11 605
20 76
11 869
36 131
51 1148
10 10
23 174
24 1327
30 1445
37 265
10 38
33 1059
4 383
54 945
32 586
32 422
12 1395
30 1054
36 944
12 87
34 241
18 394
49 604
11 1085
37 1511
35 1457
17 839
21 1574
32 70
11 481
21 771
18 291
45 629
41 711
9 417
2 1393
20 241
5 55
14 970
57 39
38 1345
6 1346
44 59
57 709
48 1557
56 362
33 138
49 1044
30 1092
21 480
14 353
18 408
13 1429
48 1279
53 1246
51 505
30 213
9 497
29 256
33 1046
10 1191
28 706
36 146
9 1518
31 910
11 747
28 494
12 1144
2 1033
30 487
37 1327
2 864
16 964
10 1244
44 1315
9 1048
46 771
1 1232
2 1281
51 1323
44 1098
10 858
11 1170
2 1346
51 1557
21 1021
27 1369
10 1310
33 941
33 1110
37 66
18 955
29 910
49 855
4 1019
51 331
51 732
27 1536
17 470
3 241
37 846
48 1150
36 158
46 123
28 307
5 779
52 321
39 693
9 964
1 974
18 400
52 1342
33 1597
45 362
45 1038
7 905
6 1044
33 316
56 1450
33 1164
36 974
45 1129
41 329
45 730
11 221
54 674
36 1264
40 1073
23 811
0 1597
12 1125
39 1387
32 1193
52 454
21 1097
45 1591
14 124
30 262
2 771
46 1305
19 1005
18 307
41 769
40 854
33 288
18 1019
56 1365
32 1208
0 1387
52 86
56 709
40 737
43 581
53 461
36 60
2 1385
45 1270
40 1443
0 17
33 1136
35 111
44 575
12 773
33 1087
37 951
36 1450
45 86
44 753
6 1028
12 1231
43 31
14 600
32 1064
2 1081
17 265
1 481
44 444
15 485
23 435
23 1208
14 854
21 1407
19 516
38 1065
51 1393
11 609
16 83
30 279
18 357
36 234
32 345
52 1308
10 648
53 840
36 1512
32 1053
37 586
10 1267
37 740
36 113
37 768
9 214
37 20
12 294
32 1362
33 1007
9 1073
18 1096
18 238
37 1493
49 480
11 309
9 590
10 716
28 1264
27 38
23 180
14 338
44 652
45 470
37 1150
11 1015
41 936
14 439
23 822
43 885
21 538
40 673
19 265
45 1402
2 1183
36 1569
57 20
11 155
1 1391
37 414
11 1275
23 626
45 1517
21 241
45 1506
1 710
36 1089
48 378
18 1329
55 1057
36 395
45 520
1 424
41 161
49 1070
39 1327
57 162
10 1337
51 1123
20 467
35 1127
36 427
32 976
50 1581
14 710
27 877
21 454
30 511
11 282
32 101
10 427
14 1519
39 427
10 479
54 1235
21 968
13 35
30 218
23 600
20 450
10 1546
11 1377
49 307
32 1107
17 1057
47 1092
18 581
48 6
21 473
33 166
37 111
6 796
30 447
40 1526
20 1038
36 37
12 1279
9 470
2 1443
8 427
44 727
54 1026
30 111
16 1445
11 326
16 988
36 390
32 1118
56 1039
53 845
10 1340
43 500
9 342
30 1549
21 1153
4 1318
33 1121
42 1558
34 2
36 567
41 840
12 241
4 358
27 864
48 1246
4 218
44 1109
49 728
0 306
47 1231
2 300
18 1153
2 1456
38 481
6 154
35 998
36 294
4 1295
7 1248
48 289
50 1443
6 44
33 358
56 1541
21 372
2 17
27 879
10 157
50 743
2 404
24 1432
1 279
21 896
21 1150
32 1047
32 1248
1 147
55 1416
11 543
37 579
44 1376
11 1197
43 604
52 1589
1 1092
40 1257
40 1467
2 1255
10 1151
41 531
11 494
43 960
11 908
16 666
18 360
33 840
41 1568
15 927
49 1176
9 375
37 1112
40 208
18 593
1 1445
37 1078
5 1305
34 233
21 679
43 384
4 1548
18 1553
34 651
22 1365
2 691
56 294
23 652
46 470
4 1150
45 378
30 1501
32 246
57 115
44 128
20 111
21 766
11 1312
38 81
46 1041
2 805
35 1443
37 1557
33 1017
27 1128
37 1127
51 1089
34 1057
31 941
52 812
2 1006
49 20
21 721
37 422
39 532
23 1062
20 1445
36 1452
52 1261
49 296
21 218
36 472
11 856
42 1589
25 1511
18 1006
9 1126
57 1057
45 1461
22 694
51 1125
12 1275
14 55
56 737
36 501
52 400
51 771
13 501
37 635
7 793
1 1601
0 78
2 911
38 1308
11 832
37 151
51 483
12 1260
5 1039
44 1544
48 1541
37 1043
6 497
36 1286
53 600
28 115
41 960
37 1501
14 501
21 1335
22 105
0 77
9 1433
52 318
49 790
33 693
53 1092
9 437
55 753
21 174
28 648
9 299
20 693
18 1057
35 766
22 1135
54 771
1 1345
21 1295
36 1287
37 1394
11 1338
13 1105
57 1353
48 896
33 1432
28 1353
3 307
6 1565
9 1216
25 105
40 358
35 1125
14 521
22 771
16 1316
4 1231
33 13
38 513
40 1264
6 617
52 659
36 1395
24 289
4 294
45 393
37 480
37 857
21 1391
53 177
33 70
57 710
51 102
11 331
39 1048
4 736
0 1327
18 481
1 257
18 65
13 1517
12 233
39 1316
6 63
1 693
32 577
45 88
11 1199
27 1059
20 1026
51 271
43 375
21 425
30 1211
52 2
16 1076
21 1381
21 1305
45 355
44 693
45 668
26 87
3 1248
15 771
5 1559
1 1052
35 941
16 137
43 590
0 826
6 175
26 822
7 1583
52 960
36 709
6 966
36 673
40 477
6 31
19 1064
16 287
56 137
18 475
54 648
43 1353
33 865
33 703
11 1498
45 111
57 600
20 1365
2 1553
33 1261
39 1241
33 1363
33 457
9 947
4 594
28 1512
27 1111
7 1243
51 1387
53 767
37 609
41 1153
40 685
45 791
50 1108
36 120
55 1597
4 77
14 107
15 945
38 331
47 1511
57 726
3 910
38 1483
10 590
2 790
56 422
53 685
1 170
32 826
12 1005
40 1432
4 1026
0 1099
33 976
45 1569
41 825
16 1004
28 777
13 1005
16 1295
36 162
2 414
11 648
18 114
44 142
16 261
1 485
11 480
22 723
21 1075
21 315
9 505
44 1316
48 970
3 233
27 813
21 1312
45 1430
0 647
9 148
35 942
9 452
37 468
11 196
51 1052
34 66
36 279
33 428
40 753
45 651
21 529
1 120
23 649
11 1126
47 66
36 44
6 1237
30 1019
40 378
30 404
2 945
32 34
6 415
45 1559
36 801
41 1497
7 651
7 1057
33 846
34 552
36 1228
30 1312
16 89
45 448
44 1021
42 1206
21 1410
37 1417
21 1162
33 1126
14 1126
38 1319
16 522
30 1162
25 146
9 534
51 230
35 1295
43 522
27 431
15 1571
36 1354
20 1204
51 1156
12 730
51 514
19 1589
32 1616
33 848
7 785
47 1135
10 705
10 1372
4 681
30 1456
30 198
52 1007
44 241
9 1513
39 69
4 854
51 375
38 1295
40 316
51 299
30 146
6 1381
27 807
32 1452
13 960
41 379
21 636
35 724
52 1513
4 818
1 724
1 1353
2 567
33 1458
33 1192
32 635
7 461
2 726
2 4
8 1127
12 460
33 208
4 1246
27 1092
6 1178
53 1499
41 1512
28 826
44 554
1 760
16 368
7 974
1 1618
30 1135
7 713
35 259
9 1212
24 896
39 577
52 1345
9 1289
16 2
42 1468
19 124
53 369
27 1316
36 1039
41 1107
18 1001
32 559
21 1003
10 1295
0 846
21 477
18 1514
11 1423
10 779
30 586
49 1038
20 757
2 1426
45 233
37 1061
13 487
55 470
0 709
33 773
11 1578
23 1456
37 1211
21 737
20 294
52 294
4 846
45 0
50 460
29 368
27 1097
49 1446
55 710
40 1581
12 604
35 727
6 1092
0 1423
21 705
39 1480
27 1281
13 383
16 1183
11 461
11 1526
30 845
31 793
7 1118
14 818
6 988
36 295
33 1537
41 363
4 666
35 87
36 1518
35 307
21 1126
52 1125
51 233
37 1597
33 400
16 793
12 1160
35 1414
23 126
10 1610
3 319
51 754
49 936
28 54
0 639
2 1501
48 147
3 1416
51 123
50 362
10 1467
7 1075
14 137
27 1135
20 1437
45 945
19 494
32 1232
57 678
33 853
30 1183
20 726
2 20
44 312
51 1020
57 822
12 357
45 883
11 1511
41 1273
24 822
52 785
10 242
46 1153
21 614
6 1250
54 1064
36 26
35 88
14 1581
49 322
33 522
36 1136
15 704
40 1044
18 289
45 1274
57 319
6 1236
7 1333
5 266
43 265
14 751
30 1280
53 1340
40 1097
25 660
10 297
11 1210
47 1450
16 283
45 500
38 1059
4 1294
1 1426
37 737
41 771
23 877
37 1281
12 1345
26 241
37 685
12 1450
41 362
36 1329
30 1108
44 932
42 1001
4 1229
21 760
17 282
6 1407
51 333
37 1044
11 1139
35 1433
21 523
2 194
45 1005
54 845
51 105
36 99
36 716
45 1615
55 105
18 58
32 500
45 1207
4 968
2 386
19 1000
51 20
27 645
40 1380
27 1368
41 403
20 1472
2 1041
38 835
53 1040
36 86
8 813
21 855
48 384
16 1022
6 75
35 1075
11 618
36 1044
37 1021
18 793
14 660
48 1081
30 456
51 1567
32 564
37 494
17 1103
51 968
33 479
33 1557
44 503
13 1243
45 1453
52 608
24 615
36 360
35 357
53 1261
30 1158
18 1323
0 543
16 974
28 896
4 461
9 1041
27 1031
54 1038
11 36
41 1109
28 696
5 1135
36 678
11 1310
46 1266
50 619
30 462
43 1121
38 154
43 154
9 1617
20 626
17 1416
21 671
21 666
23 580
10 643
0 516
41 871
22 751
8 473
11 256
30 1150
10 1062
37 461
9 476
18 115
15 910
20 690
52 671
45 576
48 1409
45 203
10 1021
40 1353
2 1275
30 361
26 1494
18 1489
35 1445
45 1073
4 339
24 840
18 1216
12 359
35 197
40 352
12 1092
41 271
56 122
11 1257
36 68
14 265
4 446
37 1113
44 147
12 854
19 1367
11 1291
2 299
6 745
54 871
36 951
17 87
32 1391
16 1275
23 840
50 1416
45 771
47 1099
11 242
16 1505
11 545
51 65
20 552
21 1308
57 604
26 851
25 1206
0 1395
2 1402
2 378
46 930
7 254
8 143
44 375
21 730
26 598
25 666
7 241
37 124
21 277
48 1148
41 1395
7 1109
56 105
57 179
57 776
6 919
32 598
19 239
45 1390
27 1394
11 443
28 1477
21 1285
16 1528
9 45
6 939
2 1395
23 78
23 575
38 764
36 1098
23 1443
9 266
33 632
40 1468
11 800
23 1497
21 922
54 256
33 334
51 1334
32 853
41 1051
50 1468
23 1076
32 1054
19 1294
36 1159
15 55
44 70
6 383
38 1191
13 1316
45 392
1 1153
33 884
16 501
30 477
45 1195
9 65
44 1558
23 1035
21 637
57 713
9 542
37 137
15 1433
18 1581
29 203
45 338
50 105
38 739
32 710
33 234
23 1381
51 218
12 966
45 351
12 1206
52 736
36 1224
45 1268
30 1060
23 896
57 1123
16 713
4 779
32 950
40 514
11 653
35 709
37 487
49 1398
51 501
57 146
33 319
11 1611
44 779
19 259
46 1559
46 1514
20 55
2 143
16 1467
29 1316
45 1497
33 1351
1 1048
9 195
48 449
41 643
1 639
30 1281
14 552
44 429
33 1500
28 910
4 544
11 937
0 1367
19 693
12 1353
5 1206
27 1049
45 792
45 122
37 1232
12 1597
9 575
6 526
13 581
20 811
52 577
13 1026
49 184
8 89
16 1270
28 793
35 218
23 29
43 770
37 1025
5 1171
40 520
12 107
28 1109
35 1416
17 757
46 1248
56 289
33 1062
7 100
21 840
15 473
49 1135
23 747
38 183
51 979
50 352
51 1075
57 1533
36 1435
12 771
0 1373
10 1470
55 1159
28 693
19 579
9 1135
56 307
11 811
11 1373
27 257
44 150
16 307
35 756
51 1284
41 430
4 1232
20 1294
0 1003
32 78
29 587
1 771
41 701
38 715
14 861
55 793
57 107
4 262
56 1246
33 877
2 1574
35 1499
7 3
44 964
6 1609
27 1109
18 1155
47 1445
32 698
18 833
32 382
56 542
45 1358
37 987
35 651
17 771
21 1367
11 1237
42 1450
34 1270
23 1440
32 782
52 154
1 1283
20 743
28 439
8 1294
6 1339
41 241
28 1417
37 1143
41 1092
54 889
33 99
57 1306
21 1549
40 807
15 1048
33 447
45 1054
10 1579
39 312
20 374
16 1450
11 549
44 1311
37 115
33 1327
37 1580
16 649
51 1292
20 1248
16 1266
36 301
35 775
36 1190
35 1265
57 1407
18 1143
4 1312
45 1123
2 857
9 500
34 424
45 174
7 1264
45 516
30 621
19 581
36 635
20 1285
55 477
30 709
2 1148
18 1620
23 889
11 1483
9 864
43 1376
36 984
41 1231
51 1602
2 296
15 964
45 1385
51 236
27 286
11 92
22 1548
21 1073
56 964
32 1279
46 1480
53 960
1 218
41 697
49 1026
0 1232
35 497
36 417
37 847
35 1092
2 1326
43 527
50 1031
45 1442
2 480
10 104
18 1058
39 689
16 915
17 147
7 1395
33 480
11 382
45 399
6 570
6 69
40 1311
51 149
25 648
14 1113
2 151
6 639
20 1159
57 807
11 101
36 1119
23 645
28 1549
0 776
18 299
49 588
33 1101
21 1180
37 1109
33 1406
27 294
19 753
11 578
10 802
6 1477
49 641
1 534
11 205
21 162
6 313
34 1264
36 1318
33 337
36 1606
32 333
27 1473
25 265
35 480
50 307
33 1395
36 552
5 1521
20 146
32 1033
57 1589
45 1144
35 147
26 124
41 1241
7 1064
11 812
37 364
33 1181
9 1516
21 93
4 1222
49 1041
18 1033
28 339
11 923
44 1589
39 910
16 615
38 299
47 1406
36 1341
16 970
18 941
54 1003
40 1007
52 1445
32 621
50 968
36 1349
30 1548
28 300
51 1258
56 1342
2 1052
30 546
41 1363
41 257
30 319
33 1042
32 795
20 150
22 1327
20 80
11 1213
12 1026
10 1449
33 896
23 420
39 422
49 281
49 597
2 1164
30 771
40 1501
3 1052
41 395
44 1538
35 649
16 1056
2 826
7 436
11 1264
40 1222
38 374
42 1381
38 1269
20 1050
33 362
5 461
51 964
32 1270
0 462
36 853
4 501
40 296
11 250
34 146
45 1348
35 577
1 777
41 1040
21 1519
14 1416
32 108
19 149
13 1222
33 241
29 319
4 648
57 1462
49 384
38 319
48 55
24 805
4 727
57 811
14 1153
38 1181
24 776
8 771
41 606
23 294
37 1064
43 710
16 66
28 936
56 1385
50 1005
1 979
33 1040
43 1170
57 771
43 1103
41 239
32 1199
41 1504
36 361
48 127
9 503
6 127
2 732
5 360
30 1231
33 31
51 1127
37 80
6 294
49 1356
45 953
21 590
22 1164
10 1257
10 644
34 1129
36 568
21 227
41 1062
31 1039
18 386
21 20
48 1597
23 1057
40 1426
19 1227
38 1546
22 696
54 1592
55 218
30 889
20 300
12 239
40 634
45 130
36 218
21 987
6 875
37 1227
43 422
29 1557
9 88
0 960
23 312
4 473
37 858
57 97
5 481
29 1528
43 257
42 854
19 422
45 295
41 431
45 400
45 1372
20 1115
11 506
40 616
14 1462
10 1549
53 1345
12 1514
37 1406
4 304
32 629
30 203
45 1246
15 470
32 1076
7 813
45 123
11 456
34 649
11 1375
24 1385
12 910
38 1251
50 1297
24 460
29 89
32 251
23 1546
9 1269
36 272
3 424
55 87
37 1459
40 1109
2 115
55 1135
38 1118
57 1456
11 1287
27 1312
53 316
44 233
16 1530
45 826
36 384
34 1064
18 910
27 559
2 334
13 1445
15 950
6 114
49 690
56 813
32 949
45 200
37 384
40 1538
32 1131
44 1549
30 1333
51 1372
36 640
6 693
41 1308
1 793
38 1373
54 1125
28 1222
37 918
21 127
57 418
11 905
28 1359
10 352
11 1439
38 1468
30 1052
33 782
6 1281
9 158
35 2
20 1222
22 1353
45 97
17 776
35 271
16 1171
53 454
2 764
6 1032
35 384
6 160
33 1226
43 734
25 1159
45 926
16 694
36 1229
33 642
33 768
6 564
33 66
41 580
36 224
28 141
36 1226
23 277
10 774
39 1150
20 1198
1 1294
36 757
19 1044
16 203
57 1019
49 1284
56 1425
43 1416
35 1241
11 797
38 257
52 542
12 1112
40 1076
9 585
12 1561
47 1003
28 404
15 435
57 812
36 1231
40 1235
40 1410
26 1443
49 1501
0 744
38 727
4 713
45 381
37 807
32 776
21 1561
6 638
56 854
46 1517
33 1607
41 1218
44 1092
55 1231
36 522
0 360
6 1515
51 779
55 1395
50 1243
23 1406
36 97
35 373
4 651
33 938
21 1199
2 777
16 1569
40 580
40 319
33 886
45 1219
33 1279
21 1535
17 1297
19 577
34 86
20 710
9 978
52 1295
49 1064
51 485
32 867
14 1246
48 1109
16 496
6 1596
17 408
33 1091
9 552
36 1406
41 1396
32 1114
0 1012
33 174
52 1574
11 586
34 124
35 1395
51 727
50 522
14 877
36 442
44 1058
21 826
11 802
37 606
2 1109
16 1092
52 757
10 1407
44 1265
6 1436
16 1019
45 710
32 1343
22 481
38 1062
1 1418
26 427
11 765
5 929
16 423
35 1094
21 257
43 1261
1 1057
40 504
8 1418
35 1418
27 1175
6 1545
20 283
37 1125
28 1064
22 779
33 815
37 424
0 793
14 1406
57 826
8 86
40 910
33 764
36 735
21 105
39 1112
2 703
37 1123
29 1513
52 639
27 151
55 1160
9 485
9 741
38 543
45 1092
21 504
4 1279
23 782
30 1188
21 149
36 604
27 753
20 307
30 1144
1 1260
57 706
41 86
40 1425
41 472
21 1418
42 626
4 534
32 1289
33 1124
21 1012
51 473
9 268
23 1289
28 502
36 813
42 1275
10 444
16 149
19 384
52 1159
4 296
20 1052
20 771
26 239
27 914
36 1394
41 1327
21 710
6 726
22 12
36 554
7 671
22 1148
37 418
6 1439
13 1407
33 1035
11 1473
18 924
44 597
6 1321
10 771
51 1402
21 1338
35 753
35 1248
11 188
27 501
9 1620
9 1169
37 103
9 8
50 1105
12 689
37 1159
6 1473
51 1518
48 854
48 1064
32 1180
21 681
12 1394
47 1581
16 282
29 985
37 701
39 1064
40 851
2 130
35 1102
16 318
32 542
3 1125
19 829
34 383
19 1418
2 504
49 658
21 83
36 595
10 1424
19 966
52 1526
16 1345
11 1433
32 974
26 1345
11 929
1 1109
0 598
23 1097
31 785
2 643
11 597
37 1053
10 1109
3 822
12 318
43 872
51 1333
0 1409
24 1387
28 811
20 902
10 99
45 1466
57 598
27 1546
29 1475
6 259
40 1357
6 45
23 39
35 256
36 815
20 1367
0 542
1 289
4 644
11 99
17 1511
20 1549
43 294
24 501
5 643
23 598
45 352
57 648
33 176
45 334
20 362
21 649
33 1541
4 535
45 1057
6 1589
48 1127
37 885
52 1057
2 809
45 1531
45 880
23 319
51 355
20 1150
33 1509
5 983
36 851
22 757
50 974
20 1070
22 1346
2 218
9 193
35 543
6 1277
32 213
5 86
51 575
41 332
51 1033
37 1312
41 705
50 427
57 174
37 851
29 427
45 1238
40 1324
45 847
3 1003
14 13
38 1343
56 1456
21 378
9 128
32 881
36 69
16 1285
46 942
22 838
56 567
33 541
15 120
27 1485
32 1089
2 112
35 239
35 1589
16 353
12 974
30 505
22 1235
49 353
18 1381
57 1289
21 822
48 652
37 239
21 1033
28 312
0 494
6 1304
55 461
45 1469
40 31
18 651
36 1555
33 1054
53 146
20 439
51 315
51 424
35 1285
30 552
20 279
47 867
10 1235
16 1517
33 1092
57 78
32 1051
2 497
35 1046
36 435
45 1576
55 822
32 774
24 1150
47 1243
27 1493
10 1344
29 1416
11 185
51 1443
30 1345
46 357
33 361
9 346
46 368
34 1041
44 1231
21 541
20 1092
2 522
9 1368
9 233
11 1125
45 343
19 1304
45 252
9 817
26 294
49 1243
39 434
30 66
8 1505
10 374
41 1513
4 598
24 112
47 137
45 1248
2 1121
36 16
30 533
29 112
57 1109
45 28
18 757
18 86
49 89
11 1117
38 264
1 1039
0 1295
46 910
11 241
30 1450
53 1119
32 1044
17 1345
36 1259
38 316
24 1494
15 1517
51 1367
6 543
44 854
26 1589
11 1449
20 1439
41 1248
50 422
16 1333
10 1010
36 1211
22 1501
43 1559
4 1538
45 1577
48 1092
36 1182
46 1270
33 1602
37 1549
50 1311
23 671
18 533
21 927
48 1311
34 431
36 1056
11 825
2 1005
23 424
46 1557
16 1559
30 884
27 629
23 218
43 805
5 488
39 914
39 1108
33 148
48 1354
32 1052
27 726
22 1389
9 276
20 706
38 169
20 1264
32 680
0 11
11 774
40 703
32 524
14 66
11 1178
2 727
39 805
2 1305
32 1581
45 450
41 843
1 384
30 481
7 914
40 1075
43 743
11 324
48 241
11 439
16 265
35 471
10 1189
35 1044
37 1162
1 373
9 1366
10 1483
2 542
10 1540
36 35
43 685
36 1180
13 1581
14 671
36 849
45 523
40 914
23 198
44 1385
41 165
2 380
9 1280
42 291
33 673
1 88
20 141
36 1126
6 377
11 270
14 822
50 822
38 1611
36 812
8 648
30 1302
25 481
50 1126
0 822
12 567
16 835
10 577
25 1581
37 968
18 516
40 974
48 730
41 1295
40 829
33 985
45 1460
36 207
40 444
30 1313
14 706
6 1039
2 581
36 749
11 850
11 424
25 1311
18 790
6 480
35 294
9 1122
32 886
36 609
45 1163
18 318
45 1416
57 749
2 784
51 15
10 1473
36 1061
33 493
50 1387
51 363
32 1589
49 754
45 493
24 87
10 1581
34 1557
50 174
21 142
4 143
23 87
18 1279
1 293
56 648
37 645
16 38
20 163
19 147
3 1456
51 669
51 425
41 1222
45 892
37 1440
22 501
30 114
45 942
40 522
27 597
45 55
33 420
6 1266
42 257
33 270
35 296
12 1057
36 220
18 1007
44 1267
6 48
45 159
28 764
14 203
56 1333
24 294
32 1333
33 669
35 180
51 1285
28 481
37 1523
36 1110
37 497
18 245
28 249
35 18
11 1495
21 1235
2 889
48 608
4 1241
0 1261
56 2
1 1558
49 1418
28 840
33 393
39 88
11 41
10 418
36 1570
54 1135
2 1589
49 626
30 422
27 331
19 93
32 1215
49 400
36 1369
30 1159
4 1162
0 1316
17 1418
27 639
21 1096
40 1141
42 1597
51 372
57 1060
16 927
10 952
40 315
55 129
33 1209
9 1604
55 1391
14 736
23 533
31 1591
4 361
16 771
38 339
2 124
51 541
2 886
21 807
48 1453
51 1152
24 543
57 730
5 1426
45 1420
45 1513
18 423
6 144
51 1237
11 1564
6 895
38 1158
24 1499
50 1073
6 358
9 102
9 1274
38 1237
52 858
6 1168
32 1469
57 454
24 648
4 1075
54 896
49 927
18 1546
45 532
25 1052
6 1329
20 473
11 259
45 53
7 1324
31 19
33 802
34 256
24 764
40 324
49 1443
57 180
47 885
41 764
36 497
2 1064
50 840
6 537
21 1261
11 417
6 99
49 1080
10 1246
27 1503
23 1581
0 771
36 241
23 1148
23 852
32 1252
43 1385
35 1524
11 741
52 151
57 151
40 705
10 656
28 612
6 627
35 55
14 87
15 351
40 1139
15 1559
20 1143
36 151
42 180
9 771
33 1480
45 7
56 206
48 89
27 1333
33 415
18 405
0 1311
41 351
14 400
6 1536
24 710
46 677
17 651
10 265
43 114
43 747
42 710
37 660
25 147
9 1109
48 391
31 1475
51 1092
41 997
36 645
45 1524
27 154
38 735
39 1232
6 729
30 1126
1 112
37 1361
26 289
44 1418
33 704
24 651
21 1041
46 1285
37 1499
11 1500
36 462
23 581
21 289
57 472
23 214
51 151
28 143
40 1057
30 1440
6 1137
52 461
8 289
41 766
8 681
51 1329
35 142
51 683
57 910
32 444
50 707
30 1289
30 362
41 884
57 851
3 567
16 705
37 691
11 637
49 896
44 974
10 68
22 1418
37 741
37 230
57 239
12 86
46 110
16 924
38 1134
40 1247
44 666
1 375
41 756
16 910
51 427
41 1484
22 206
37 1318
41 1605
10 1309
18 1394
53 1324
24 319
49 424
56 239
16 1057
36 177
32 743
36 1368
4 710
46 55
4 1323
14 1530
20 1127
8 1589
37 942
40 774
51 497
37 1107
36 481
30 1243
30 1123
12 1557
33 357
18 122
11 1341
23 798
10 1597
21 1493
45 934
6 798
36 938
45 152
10 239
27 1342
27 1505
30 1329
50 1279
44 1569
8 976
7 829
32 17
36 349
33 279
32 1379
37 459
41 1145
35 1376
37 1279
30 1467
18 723
4 234
35 233
18 127
35 855
4 1039
52 1054
35 19
51 1103
21 1590
33 434
2 1327
52 533
27 120
52 1003
25 1450
33 1039
28 744
51 741
28 1206
50 516
6 691
49 287
43 1293
32 45
33 497
29 1081
0 418
18 916
37 114
6 711
57 447
11 311
21 1350
32 727
41 910
45 1294
57 349
52 60
47 693
7 1493
35 608
18 1212
38 1040
32 1194
32 1231
37 466
12 709
3 1443
51 1456
51 1453
18 1385
37 450
1 128
48 1569
12 1367
43 970
3 1039
37 1623
34 648
54 988
45 1297
11 22
52 208
43 1537
33 1569
49 1296
4 1517
16 710
49 835
2 1367
47 256
41 290
6 898
57 1087
55 1456
44 20
14 147
21 87
11 1520
19 1456
21 1394
18 760
10 182
6 274
12 1101
37 1245
49 693
34 55
53 1333
48 581
36 858
35 793
39 743
46 1005
0 235
46 1597
21 960
4 50
10 66
20 1183
35 148
46 1057
24 1549
11 1078
48 380
25 813
30 122
28 960
44 579
12 1297
33 1335
1 880
35 1450
52 508
7 206
10 974
2 431
37 524
14 598
9 1416
44 710
30 1057
41 214
4 1581
27 1021
21 757
30 1581
39 710
20 988
41 590
40 1569
45 24
36 233
33 1022
2 1002
39 1499
4 181
2 747
2 444
35 773
44 543
39 1199
19 822
37 1407
33 1345
54 1231
11 817
33 222
35 1548
45 514
57 2
11 538
37 1070
55 279
19 1471
2 236
30 1407
19 882
51 1514
2 693
31 1519
7 840
6 896
53 1377
20 1372
10 770
37 293
10 1439
45 1024
27 718
45 1570
21 352
37 178
20 927
20 845
41 1477
33 785
50 1327
35 1153
6 265
45 623
28 497
1 1100
43 608
33 1418
6 1519
5 1256
35 1367
36 444
40 1070
40 577
33 1194
29 552
50 357
0 1062
7 1232
11 1446
32 862
21 1513
2 1342
18 1557
27 122
17 1456
45 886
48 1400
33 297
43 950
18 554
22 241
7 1148
35 779
21 1589
54 1127
18 462
36 690
28 501
41 777
41 624
49 325
4 126
21 150
37 1051
19 282
40 724
51 1327
27 1136
53 842
45 1159
32 154
9 1000
57 1314
45 525
41 579
36 667
57 1121
10 954
24 1026
18 1529
28 477
42 1544
11 1222
51 1064
1 779
37 427
4 988
33 1578
52 1250
33 753
13 1261
21 404
57 753
30 514
53 1487
43 1252
14 1063
51 708
45 652
11 69
34 1445
36 356
32 1264
57 652
18 635
56 604
32 716
57 483
52 415
9 842
43 1546
44 713
20 1160
43 718
23 1232
51 1112
0 181
4 1007
2 1159
7 289
4 694
0 352
45 131
27 526
52 1468
28 1040
20 683
27 960
46 1292
2 325
27 180
53 1159
11 1040
20 1524
50 1570
27 1231
10 605
32 755
18 927
33 1222
22 180
3 1222
45 1106
1 925
2 1270
50 1232
14 1510
9 822
16 934
55 239
9 789
37 162
11 112
18 342
49 173
21 1159
35 964
51 1108
36 1312
37 1569
43 693
33 1114
35 283
45 2
51 1591
24 811
41 753
16 626
51 1279
2 1519
43 526
30 1045
1 1389
51 726
10 200
6 780
0 1243
4 1445
16 470
21 567
0 1159
53 1295
50 137
36 879
37 345
2 892
2 2
29 822
42 1098
39 277
6 846
40 384
9 361
18 1544
57 1134
54 1513
2 1289
34 1238
4 718
55 578
20 974
16 1163
51 1219
11 1221
24 1381
51 1416
31 666
33 1025
2 1265
38 889
51 1241
0 114
40 1260
16 1521
49 1275
51 1269
40 690
33 312
15 1113
38 146
2 1261
9 1524
1 146
30 694
11 1424
12 1412
33 621
21 976
16 1541
16 17
43 66
13 488
33 713
45 719
53 289
23 1418
45 746
32 619
28 1281
35 637
2 384
29 225
51 728
51 1310
32 758
45 955
18 265
38 1235
29 1112
45 1020
40 1395
29 1159
53 1052
2 1406
11 384
28 776
19 203
38 920
46 89
57 1485
45 1521
43 741
30 840
33 1275
56 1057
44 896
57 1044
54 690
32 1363
23 113
11 430
45 909
51 835
36 71
4 438
21 146
15 233
18 1150
26 1333
51 1231
36 519
32 968
18 615
56 1548
11 1236
2 147
0 1266
54 362
21 279
5 1437
48 277
0 710
9 1281
36 660
8 1305
51 626
37 516
41 386
21 316
27 466
4 444
28 294
11 473
43 1062
18 839
56 470
24 1548
37 1524
2 1512
35 1294
30 1511
29 1264
21 1048
57 1148
29 690
32 1007
41 896
46 1201
21 19
20 1513
48 936
32 811
33 323
45 226
35 1038
2 835
37 358
54 296
4 1468
52 288
55 1607
57 559
35 811
35 929
9 681
49 1351
11 1042
23 976
49 1365
56 910
51 1517
37 1231
1 1512
30 351
33 719
7 1231
30 1462
23 809
12 1456
37 1385
52 373
21 728
45 596
50 470
21 234
52 438
30 137
51 1126
1 649
40 1041
6 727
50 648
36 1076
33 499
39 1589
9 522
40 138
4 211
36 747
51 760
0 1160
57 642
10 1034
2 1231
57 318
10 794
45 10
11 663
7 1279
49 397
16 1252
23 480
51 660
48 196
12 813
28 1416
40 86
40 29
19 2
12 424
27 852
27 764
13 241
21 254
35 525
14 419
39 257
57 429
30 259
47 577
9 926
28 721
51 1282
43 790
6 960
8 325
48 1243
4 1493
37 790
3 713
36 324
51 173
28 386
45 1053
44 300
35 896
15 652
12 89
2 363
50 1092
10 1589
21 1518
12 793
45 712
21 782
28 233
33 111
20 1109
9 236
45 482
18 35
28 1513
9 813
15 1212
6 1453
14 709
20 813
40 257
6 146
51 742
23 1333
14 1057
29 233
40 369
37 1387
28 146
35 362
43 481
38 1214
18 352
11 1143
36 163
24 1294
35 960
21 1395
26 1040
44 1062
43 705
21 674
6 935
20 501
13 1003
57 1553
47 516
37 1303
32 1028
34 1416
25 753
2 1372
38 521
45 502
38 1021
21 704
24 473
14 234
32 1400
45 256
17 152
10 167
33 419
38 1477
37 1443
4 289
56 1195
23 1195
50 976
10 1611
49 462
40 534
45 610
40 212
36 711
11 1263
35 1381
57 332
6 1494
6 187
45 903
21 1108
45 294
15 1453
36 708
11 1134
31 1480
40 152
28 427
36 457
41 1495
14 1468
6 1499
11 1268
22 271
21 1146
50 660
12 1538
51 889
51 1121
45 474
5 279
40 666
9 1229
48 375
48 743
56 1105
10 458
30 988
48 352
41 338
1 1076
36 792
51 201
46 1219
16 652
5 950
38 960
33 1061
57 813
6 350
30 86
20 124
4 141
32 1369
36 1114
51 17
21 384
19 1264
21 391
5 375
23 27
33 743
48 1574
5 910
40 811
10 1332
29 660
35 163
9 316
22 1445
36 333
33 1445
51 287
12 1591
10 1046
52 122
2 1096
21 747
43 1494
22 1112
51 163
51 319
32 885
41 931
51 1570
25 480
10 299
47 265
37 1265
2 279
15 282
6 1372
16 475
14 38
57 1097
45 1180
24 461
40 233
23 1462
23 924
45 552
9 477
50 241
2 459
5 400
46 501
9 1256
10 294
41 1566
19 1163
0 127
7 1445
36 573
32 890
55 1446
24 1501
56 1062
9 848
11 1033
38 14
24 560
23 1557
50 598
18 418
6 1294
4 317
22 66
20 149
45 860
11 1185
16 1297
49 1048
40 1061
30 1079
45 165
30 1528
32 200
9 450
21 988
17 1026
41 396
2 1387
40 619
40 651
57 537
33 86
27 626
57 485
9 246
32 491
41 1470
33 1175
57 384
49 1160
28 835
36 537
4 812
11 688
30 1342
4 660
45 923
14 713
43 690
6 794
16 1236
47 1109
27 1519
38 669
44 665
52 113
1 318
57 208
6 819
57 477
45 1102
10 1154
43 44
17 854
1 517
21 1380
37 233
21 854
9 1207
29 1597
32 297
4 602
34 206
20 147
48 1076
18 450
25 1057
18 751
36 1503
11 1112
51 1243
45 590
11 1522
11 125
5 1433
29 400
33 17
6 309
23 909
6 1362
17 294
0 1536
42 597
18 738
49 676
48 66
33 604
40 639
11 466
54 1048
27 660
13 577
25 1135
5 1003
21 581
30 732
33 1143
44 1416
45 477
9 1246
11 1584
26 1511
30 461
9 876
37 854
9 325
28 747
4 1236
14 595
7 660
36 265
23 708
47 1513
23 152
9 610
51 1077
36 1051
35 1243
2 1112
57 431
50 1511
25 384
20 287
38 600
16 142
13 127
19 427
13 1450
57 487
21 1591
45 572
11 991
6 177
9 1017
35 325
37 835
36 535
41 1030
44 242
36 1327
35 1461
49 150
10 784
32 1226
2 256
40 76
33 1057
10 295
12 577
2 1003
33 867
4 429
10 1450
37 1195
33 1518
28 103
9 327
9 493
11 984
1 1365
51 604
3 737
48 2
29 147
40 840
9 241
11 1198
33 1519
9 1425
2 1391
14 577
6 501
12 945
48 974
35 889
55 289
40 984
32 1059
50 239
41 1098
10 756
56 1512
57 1327
26 709
29 757
46 1112
12 1346
29 1297
57 444
21 368
22 840
0 39
54 936
43 672
18 580
37 710
51 643
22 1141
29 1437
32 115
57 391
36 1053
44 481
10 1437
41 218
18 1327
43 1310
11 1623
36 153
48 619
45 877
27 1
4 1078
18 1548
35 648
30 423
9 423
33 779
2 447
4 1265
37 1535
9 531
45 1418
49 854
24 147
2 1505
34 375
4 819
57 398
6 1075
43 783
35 424
36 122
44 515
5 1026
25 1064
52 1475
29 710
23 1248
54 1052
16 1514
4 910
5 1557
6 1394
45 124
36 1316
44 244
11 713
28 418
21 511
18 5
5 704
4 1519
2 174
41 639
0 20
57 581
24 813
10 653
28 1006
4 1511
21 1188
36 1385
44 1333
10 436
14 1559
35 80
52 317
45 1069
33 76
0 988
50 1407
44 1125
41 152
37 651
9 758
16 1135
6 404
15 1003
14 689
39 31
17 669
52 1410
37 97
52 319
33 445
21 1327
17 307
43 477
23 307
21 1557
33 905
36 1549
32 148
13 820
23 1295
52 666
51 1063
0 241
33 1266
37 744
6 1322
3 974
36 1275
6 1539
46 485
47 353
27 481
41 571
20 891
19 854
36 811
45 704
23 233
10 177
55 1194
11 1242
48 1162
21 1446
42 319
9 54
11 372
40 372
55 1195
34 1517
20 637
1 764
9 414
2 1557
13 648
43 1567
1 1475
32 1224
41 1197
23 1039
14 648
11 678
40 241
23 1112
23 693
55 1381
13 1475
37 254
10 1273
13 1597
2 1544
30 1148
12 422
12 325
49 289
40 113
22 709
18 1172
20 854
9 1482
54 494
40 1563
16 1414
6 512
28 1342
17 713
0 87
57 621
38 544
39 840
36 1152
38 1403
37 1160
51 481
2 1047
23 1589
45 1401
1 1044
32 642
9 958
50 149
57 1362
51 737
15 1521
30 1591
54 435
33 875
18 502
6 303
35 1270
10 262
51 839
29 122
51 1440
44 988
48 1231
34 105
36 476
57 606
14 357
36 1371
7 567
10 1367
37 55
40 1523
19 689
22 1246
56 1264
33 1130
19 105
45 541
57 1222
30 318
17 289
38 693
16 567
30 1075
38 171
4 362
32 1185
45 693
11 1224
40 1062
17 477
35 1557
18 1558
5 1231
14 1229
34 1413
16 773
51 1346
21 487
31 497
14 233
2 1027
45 1392
44 731
23 1107
27 619
48 813
44 577
11 122
47 1148
33 1153
39 1006
2 885
45 243
47 1159
33 1415
56 747
32 678
54 910
35 86
19 373
19 1597
28 1261
57 843
30 736
36 1572
47 319
11 660
49 1456
30 1005
49 813
23 4
9 42
48 1006
32 1050
35 1266
16 1557
46 541
57 1150
18 608
45 132
22 560
20 1359
4 1257
42 693
36 1196
26 666
24 647
45 1511
11 1456
41 1446
23 1033
10 713
57 147
33 559
27 1513
7 945
6 105
35 282
12 737
51 147
52 1222
9 726
52 552
52 38
13 924
43 141
13 203
32 1355
5 384
33 1548
36 400
36 1602
21 1376
18 532
51 241
42 288
1 839
36 1363
27 141
32 966
45 459
40 1456
20 115
9 1440
1 197
6 1296
19 424
37 811
42 1125
11 893
49 1260
32 107
15 1246
38 352
10 218
36 1109
37 747
0 1548
2 79
33 950
2 960
32 361
52 910
34 1003
20 233
37 25
18 4
44 1163
36 1548
28 147
57 1473
51 1183
11 160
20 1517
15 1159
28 1160
45 1075
29 648
39 283
17 206
57 1316
9 957
30 941
33 968
57 1584
16 1233
45 1016
11 1299
12 1044
18 1125
41 1368
51 843
10 1519
39 905
34 1148
56 1231
28 259
4 984
49 1228
48 1450
43 450
11 721
8 1260
2 1623
35 1437
46 95
49 989
27 1526
35 146
28 1432
14 1511
9 479
45 1133
9 212
32 439
40 1025
27 146
43 1474
11 1329
26 1246
37 1052
36 337
0 213
6 319
5 1591
51 1512
6 967
2 1062
27 352
51 693
56 111
45 1599
16 1365
14 1574
45 1066
33 1107
33 455
2 730
35 690
16 1469
9 683
15 941
21 1538
18 1538
27 315
20 384
18 700
13 542
41 1016
4 154
22 1305
32 218
12 1081
43 198
0 461
45 1432
48 61
30 818
48 1232
34 296
12 1148
28 206
33 1552
18 375
52 974
57 823
27 724
49 58
52 1329
2 929
48 318
27 277
11 294
57 1193
2 289
57 1512
57 1525
51 764
37 127
40 1003
44 1103
24 626
36 945
42 1264
23 974
48 1241
36 1022
54 86
41 1125
21 449
11 474
14 1311
36 551
7 1559
57 549
31 1453
3 771
35 1446
42 383
44 1472
36 818
21 239
26 1195
19 1188
33 552
10 1057
55 1127
43 1371
7 1385
0 1418
41 1306
56 461
33 347
45 1164
51 1076
41 307
16 873
36 943
35 556
38 803
10 933
51 1450
40 669
11 870
19 660
49 852
57 420
10 144
10 481
9 46
38 756
11 235
38 1589
14 1250
56 277
6 233
6 528
18 277
49 771
41 648
45 608
43 279
11 1193
35 375
21 577
50 1323
41 334
32 504
4 879
18 128
9 508
45 988
21 966
2 1225
25 1538
11 81
3 1376
24 427
49 757
49 318
36 605
23 948
51 1493
12 102
51 118
11 1118
23 241
1 429
43 1411
50 690
27 1567
48 1472
16 86
48 1394
1 604
6 837
9 415
45 657
16 813
41 1127
36 885
